Amplero 41.904099 13.605200 1  
Blodgett 38.895199 -120.633003 -8 
Bugac 46.691101 19.601299 1 
ElSaler 39.275501 -0.315220 1
ElSaler 39.346001 -0.318810 1
Espira 38.639400 -8.601800 0
FortPeck 48.307701 -105.101997 -7
Harvard 42.537800 -72.171501 -5
Hesse 48.674198 7.064620 1
Howland 45.204102 -68.740196  -5
Howard -12.494300 131.151993 9.5
Hyytiala 61.847401 24.294800  2 
Kruger -25.019699 31.496901 2
Loobos 52.167900 5.743960 1
Merbleue 45.409401 -75.518600 -5
Mopane -19.915501 23.560499 2
Palang 2.345000 114.036003 8
Sylvania 46.242001 -89.347702 -6
Tumba -35.655701 148.151993 10
UniMich 45.559799 -84.713799 -5
